KTS       S          FD       KD        LT
37        26         2        29        31
37        25         2        29        31
37        27         1        30        31
37        29         2        29        31
37        28         2        29        31
37        30         1        30        31
37        32         2        29        31
37        31         2        29        31
37        33         1        30        31
40         3         1        38        39
40         2         1        38        39
40         6         1        38        39
40         5         1        38        39
40         9         1        38        39
40         8         1        38        39
41         1         1        39        40
41         4         1        39        40
41         7         1        39        40
44        15        38         3        41
44        14        38         3        41
44        13        39         2        41
44        18        38         3        41
44        17        38         3        41
44        16        39         2        41
44        21        38         3        41
44        20        38         3        41
44        19        39         2        41
52        35         2        44        46
52        34         2        44        46
52        36         1        45        46
54        12         1        52        53
54        11         1        52        53
54        10         1        52        53
57        24        52         2        54
57        23        52         2        54
57        22        52         2        54
T1_Total_Damage     T2_Total_Damage     T3_Total_Damage   T4_Total_Damage 
293.203             293.203             293.203           305.553        
R1_Unpaved_Dist     R2_Unpaved_Dist     R3_Unpaved_Dist   R4_Unpaved_Dist 
2                   2                   2                 2        
Game Loss!!!!!
Total Enemies = 36
Average First-Shot Delay   =14.8056
Average Kill Delay   =25.7778
