2000 3 14
1 0.03 0.01
1 0 1 10 3 2 2 A
2 0 1 10 3 2 2 A
3 0 1 10 3 2 2 A
4 0 1 10 3 2 2 B
5 0 1 10 3 2 2 B
6 0 1 10 3 2 2 B
7 0 1 10 3 2 2 C
8 0 1 10 3 2 2 C
9 0 1 10 3 2 2 C
10 0 1 10 3 2 2 D
11 0 1 10 3 2 2 D
12 0 1 10 3 2 2 D
13 1 3 10 20 2 2 A
14 1 3 10 20 2 2 A
15 1 3 10 20 2 2 A
16 1 3 10 20 2 2 B
17 1 3 10 20 2 2 B
18 1 3 10 20 2 2 B
19 1 3 10 20 2 2 C
20 1 3 10 20 2 2 C
21 1 3 10 20 2 2 C
22 1 3 10 20 2 2 D
23 1 3 10 20 2 2 D
24 1 3 10 20 2 2 D
25 2 6 10 100 2 2 A
26 2 6 10 100 2 2 A
27 2 6 10 100 2 2 A
28 2 6 10 100 2 2 B
29 2 6 10 100 2 2 B
30 2 6 10 100 2 2 B
31 2 6 10 100 2 2 C
32 2 6 10 100 2 2 C
33 2 6 10 100 2 2 C
34 2 6 10 100 2 1 D
35 2 6 10 100 2 1 D
36 2 6 10 100 2 1 D
-1